100
40
5
0 9 4 0
1 1 6 0
2 6 3 0
3 8 3 0
4 1 9 0
5 2 4 0
6 3 4 0
7 5 4 0
8 5 5 1
9 5 7 0
10 3 7 0
11 2 2 0
12 5 6 0
13 9 4 1
14 7 5 0
15 9 3 0
16 4 1 1
17 6 3 1
18 4 7 0
19 8 8 0
20 7 6 0
21 1 1 0
22 1 8 0
23 9 8 0
24 9 3 1
25 1 5 1
26 6 6 0
27 2 7 0
28 3 6 0
29 8 8 0
30 8 1 0
31 5 1 0
32 6 6 0
33 3 1 1
34 5 4 0
35 8 3 0
36 6 4 1
37 4 5 0
38 1 5 0
39 6 1 1
40 3 2 0
41 8 8 0
42 8 1 0
43 7 5 0
44 2 1 0
45 1 8 0
46 5 8 0
47 8 5 1
48 1 2 0
49 8 3 1
50 7 7 0
51 9 5 0
52 6 1 0
53 7 3 0
54 1 8 0
55 6 9 0
56 5 7 1
57 2 5 0
58 2 9 0
59 5 8 1
60 1 8 0
61 4 6 0
62 2 6 1
63 1 9 0
64 8 4 0
65 4 3 0
66 3 4 0
67 1 8 0
68 7 3 0
69 5 4 0
70 6 4 0
71 4 1 0
72 7 8 0
73 6 2 0
74 2 3 0
75 9 9 0
76 7 6 0
77 9 9 0
78 8 7 0
79 6 7 1
80 8 1 0
81 1 4 0
82 5 6 0
83 5 1 0
84 5 6 0
85 9 3 0
86 9 8 0
87 1 3 1
88 8 1 0
89 7 5 0
90 3 7 0
91 1 7 0
92 4 6 0
93 6 7 0
94 5 1 1
95 6 3 0
96 1 2 0
97 5 4 0
98 4 2 0
99 4 1 0